503
46
795
2442
1556
2350
1258
1793
1869
1354
461
533
203
1069
838
2149
1759
98
1197
350
105
2128
879
1484
1610
703
359
1463
1070
1696
148
2369
1857
988
1073
2003
1360
994
890
1195
690
1269
1350
1069
418
2437
1214
1779
1137
495
2158
883
2448
1481
1039
1119
421
1505
1526
415
1022
454
1507
1679
2156
980
1278
1744
2347
1501
535
1811
1301
288
1692
1493
1045
1606
1989
1193
33
184
2148
109
1921
448
1039
52
793
565
2231
361
553
1858
179
628
219
1732
2338
2366
389
1527
806
1790
1114
362
2246
1523
2165
103
267
630
405
1727
39
2498
1931
1943
1166
1455
752
587
390
1635
214
880
1095
732
404
886
1285
319
176
1529
2199
178
1705
717
1892
646
1357
2404
563
1772
2191
341
2403
1409
2418
2152
1977
1389
2172
2223
2116
1900
114
261
1716
1969
473
38
43
928
2445
2386
2169
1531
1886
1215
1046
1478
1361
1125
2394
1439
2465
549
308
1721
2043
2494
396
1525
1587
1573
1384
1272
608
348
2014
264
912
2498
2180
905
94
2042
2333
2200
977
801
2156
879
2178
1023
1211
356
93
2062
474
476
613
321
1518
1541
1926
2444
2081
499
333
1158
476
1520
1555
112
545
478
1042
1377
394
1918
1753
998
47
933
67
181
607
1807
600
503
1058
1609
1840
626
1108
1162
2325
2365
1966
1065
1820
2329
251
482
1755
1194
2125
2212
710
1748
1382
489
1836
428
413
1667
453
1079
1642
1927
2026
289
1183
536
725
124
226
1886
2500
1596
1164
726
193
2191
1719
285
1104
2306
2439
381
925
1606
91
927
288
1269
2300
1751
1299
610
2088
2181
907
40
509
868
452
1279
1083
2073
1687
1225
1364
2042
1209
2219
279
203
2210
1352
1009
1302
939
1012
81
211
1587
262
207
188
337
788
372
1176
1959
891
992
367
7
1460
2328
2246
1474
2247
2459
805
2171
810
2380
836
717
882
743
1308
1561
632
2453
2491
1279
303
1530
1322
524
1248
1659
960
586
1600
32
2136
424
2314
964
1070
216
1359
483
371
1044
1094
486
1033
489
1134
567
1081
451
2208
767
2139
2457
352
597
1453
2256
1479
1944
2123
444
1137
814
1611
799
425
2145
380
2163
29
1050
1220
2087
1921
1284
1954
1778
2157
223
1087
1347
1283
1763
2372
145
2364
1813
2002
1183
1211
436
1738
1125
43
2476
1088
507
1021
264
153
1810
2245
1575
1828
2188
1527
1611
990
703
2019
389
652
2092
790
1816
666
275
1332
1972
99
828
1274
1303
608
692
1694
1000
171
920
335
1096
2120
668
543
2110
1731
1220
2074
802
937
1590
644
2143
110
2187
140
2103
1232
99
180
668
2413
176
2071
1944
1374
1451
105
2345
1744
487
1753
503
1766
2302
1450
2268
1973
2146
1276
1835
1856
1481
1019
192
2331
102
781
2127
842
1225
1824
272
252
1897
967
1040
1879
156
1430
2119
547
255
218
1898
2286
593
155
2079
1266
691
1844
448
887
1034
1309
2328
1913
1872
1317
478
2121
1588
15
564
808
2094
944
1975
5
1052
303
1354
1664
797
1223
1149
2261
2415
2370
173
1090
370
1875
1909
1513
291
78
2123
2478
1330
1721
297
2073
662
311
2124
2385
600
2025
1036
648
724
1033
290
543
1616
162
303
1106
1177
1287
1624
1022
2287
2043
559
1726
1373
250
1082
408
487
1980
967
781
282
638
184
2248
1534
1250
1732
2497
1102
1267
844
556
2416
2010
1264
1478
1811
989
626
244
831
698
1662
2380
2196
109
1203
946
804
374
1870
2106
2435
1249
2041
415
1697
2196
439
1115
1587
1191
1471
2296
2058
75
1322
1753
933
1717
1886
1509
1837
1172
2110
1808
828
1070
576
2083
556
447
1555
1643
834
1159
1813
2431
1116
1478
1072
691
1695
123
306
613
1005
222
183
1478
626
31
2177
542
1858
1375
398
1921
2153
2086
1548
1973
383
2200
1889
1069
1079
530
934
377
1631
1896
1628
201
2001
2092
167
896
1922
1118
624
881
1452
215
1633
389
1453
209
2419
1372
1523
285
1187
263
2030
828
313
2119
551
476
1519
351
2303
470
563
1272
1559
1590
65
1941
188
291
32
2203
1706
249
204
2163
1475
2477
1244
208
1533
743
1745
1609
748
1239
123
2490
872
1322
2432
294
483
2377
168
1280
2128
1872
549
2449
2155
2433
156
696
775
2260
124
397
2022
2095
2394
771
2473
527
1523
74
1762
2210
1963
1577
2475
1192
2418
503
860
1460
808
2127
767
2500
2037
874
1360
401
1676
2039
840
1397
1323
2005
413
364
2357
2453
1301
2486
1143
1040
2487
168
644
841
383
1893
1127
348
1593
292
1947
2354
2282
236
2187
1813
50
554
756
369
2466
2088
684
2445
1741
235
1368
547
655
1012
27
1702
2203
1265
2026
898
2430
475
1681
1215
1994
1475
1128
359
1859
465
1530
1075
2446
1608
623
1037
91
1701
591
1623
833
1588
56
2044
1917
381
2458
1988
2203
1393
23
1347
1063
36
510
1046
1356
591
1304
2014
2283
486
2045
190
1631
2012
537
871
2360
112
1741
2133
1170
208
753
1689
280
2033
276
214
278
1913
1161
976
2177
1213
828
35
1082
715
911
2362
1342
1569
1587
2320
473
501
2084
465
257
2208
2324
961
10
266
1855
1662
1576
2131
1237
304
1169
288
2384
498
1930
1565
1694
1033
1413
1360
1552
916
1385
176
85
1243
769
1863
1498
925
1966
970
334
1765
144
1654
2461
238
281
2248
1369
842
535
2046
394
1809
1388
1786
1857
771
1248
672
116
411
1290
1064
1204
1337
470
2438
263
1099
207
1318
886
1972
1825
620
1007
25
847
940
1237
2448
1776
72
1185
188
1664
2310
2431
731
267
297
462
1536
1405
1849
981
1248
693
2179
1617
4
1628
1831
923
1389
804
1809
1883
1860
614
947
2143
2190
2397
2185
2277
1671
1275
806
2058
1520
503
1275
2044
711
2252
386
1498
854
1753
2389
1594
1891
432
19
628
1054
1126
1308
1979
1595
1790
1876
2265
708
106
1257
2236
251
1683
1954
2248
217
1355
2320
2279
1874
578
1125
2165
153
2426
840
1190
2261
1565
1324
1666
138
386
2249
636
2137
215
68
2442
1578
957
912
44
120
685
1213
1971
824
1356
1850
1478
256
942
2380
209
2467
2497
1141
1587
2253
2313
2295
798
1669
2448
1748
465
1291
2248
1444
1234
148
348
2207
753
1721
457
885
1202
2060
1285
164
771
1423
2154
1768
1554
847
1029
907
1555
208
102
1548
861
1794
869
1622
215
1200
1479
1529
1653
2243
1383
153
1193
755
610
488
2029
29
2478
1982
1575
1167
2472
877
229
1160
1167
2222
1654
1938
1126
1982
418
691
796
2330
478
2369
518
2326
476
2413
1905
814
262
45
506
863
1633
1347
136
569
2121
545
278
2482
320
1836
2010
1642
2298
2018
1734
2147
792
1811
1297
2456
1565
509
1802
1885
1397
2391
1942
2098
2120
2192
1164
218
1592
113
2434
448
1127
1469
2154
2208
2281
1758
1891
472
2044
1496
1798
1353
1158
1294
93
1749
45
465
851
1544
2174
441
631
1678
1669
367
2247
452
1240
1905
2469
559
10
2326
2177
1175
351
102
741
247
251
473
1238
1440
1205
644
1752
512
1501
1408
421
2220
1498
1728
1587
697
826
355
945
2190
247
666
1820
2359
2125
2393
1323
259
1090
2360
2176
1603
1965
541
2390
1146
1134
589
1936
1205
1879
795
152
1612
597
654
462
2312
142
72
1660
1364
2275
1268
1948
247
2218
125
1396
1820
2086
599
285
112
83
947
2006
766
2466
1649
2288
1932
2421
1022
832
1191
1051
1592
5
1961
1071
2217
1453
1138
1987
1859
2131
2015
406
446
556
745
1771
1469
1259
1243
1309
2324
117
775
19
1832
1073
658
491
1932
305
524
2408
1583
340
1938
1010
1090
2108
308
628
399
2080
2287
1992
102
867
1483
1505
1881
1898
2083
522
1231
829
338
2219
1446
1845
2050
139
2301
1419
1736
405
1957
1621
2074
2111
116
986
2449
2388
576
1616
520
37
2282
2316
1202
325
2107
995
708
303
1525
917
1735
65
2335
1924
2348
2186
1510
341
1287
2280
2140
2246
2226
2313
1362
1740
2154
153
1095
370
157
1477
1541
2429
774
1346
331
89
887
2103
1133
1912
1769
781
583
1308
1121
1571
1875
2325
2097
1959
1834
583
1081
1029
1382
257
2143
2441
2122
2115
866
583
2440
1812
127
2260
965
2181
1391
1096
860
2087
1190
1280
1142
2440
636
1908
555
57
1433
2121
2073
1719
1967
1174
1877
1928
576
674
34
1417
987
1996
2346
1855
400
1059
1053
478
1460
1239
689
34
552
152
2077
181
1917
2306
438
1427
2256
2082
2355
1382
520
1185
417
89
1001
2023
1079
51
281
2372
245
448
1898
2407
2047
917
595
1399
285
1386
1596
423
730
1301
584
1205
397
1837
1270
271
502
209
373
1086
1306
1083
129
492
1449
802
2019
2214
857
1008
733
2148
1840
533
1462
1882
28
2333
601
1643
2010
732
1266
2256
2020
324
23
418
153
259
1033
2393
351
2500
417
550
993
633
1118
379
2075
671
2005
1315
482
1418
43
1545
837
1288
165
1322
1097
1101
34
1696
2270
760
1974
2145
163
861
340
1457
1961
1146
1213
467
2261
1769
56
1595
58
2397
1341
362
2234
1217
2130
63
2108
990
1066
2123
232
1288
1228
1200
48
1729
1261
1738
2262
962
2022
1723
1003
1163
1061
917
1642
2225
635
377
2383
1046
66
2295
560
685
1857
1841
862
1461
2277
287
2145
1214
1157
1621
513
1491
1074
107
805
1958
1068
2254
2070
2205
1480
1387
1365
525
2242
386
2366
1398
1228
1501
64
1643
2206
1643
2115
1844
1546
764
2445
2410
368
319
2494
598
2386
1871
1327
270
1493
2063
1949
2025
1495
1037
2104
1630
678
2346
86
1165
1551
1196
763
1046
976
713
870
2150
600
540
2293
1048
2057
2282
342
1561
196
402
662
1821
445
990
445
2363
730
487
1796
2251
1601
1052
124
334
1951
1784
443
42
2380
2118
667
45
2077
553
1175
1065
196
2265
506
1378
1274
229
33
580
2333
158
2313
2347
1569
341
462
2177
558
1685
867
1859
327
402
2269
2056
1609
1786
1659
27
1883
1217
1125
2112
150
2149
1122
1844
2250
1534
1884
1578
2196
2096
2138
2297
2383
1792
492
2279
1934
2377
1807
1582
1772
689
270
447
427
1599
1594
1102
2471
2275
829
1662
1714
1201
988
430
1785
467
1779
1843
1066
1376
323
37
158
106
580
1029
2074
1007
1133
789
442
2060
1420
812
1682
747
1531
1104
805
2275
1593
2270
1532
1150
1159
1249
1531
2283
2478
2292
291
122
1285
926
1348
809
924
2368
2475
2184
1845
2122
1753
229
204
690
786
2187
1559
458
2032
754
895
2457
1789
2072
2057
2189
348
374
789
644
628
1333
1408
1270
1730
428
934
651
1520
2432
1406
1162
704
1739
1939
877
1524
2154
2389
1648
2445
310
1781
1189
443
994
2062
1731
431
760
2208
1652
1572
1133
2235
519
1983
343
1445
1619
970
766
2497
965
44
2327
1403
498
179
181
2362
6
516
1193
1070
1725
1724
2057
2035
2469
749
1317
19
2203
1683
1132
186
299
2265
610
580
443
2468
1739
1689
2463
2341
979
34
1716
1084
1972
1681
1976
1201
1846
285
1626
1812
1481
2248
2100
1778
2490
1774
625
630
648
566
1076
626
2217
893
1127
766
962
2259
736
1487
1876
1202
1524
2041
482
1447
2397
2172
1300
1148
2271
1001
109
2144
1443
454
2457
2273
1275
1076
1017
1539
43
347
2429
143
972
1560
1749
1887
2144
1554
2235
1481
2353
1376
2156
327
2099
1428
366
2302
1289
985
1502
1028
1816
812
956
328
1028
1957
301
1044
904
988
1061
857
2257
1450
377
104
1719
489
123
1142
376
1337
1570
1026
1677
79
2361
1754
238
1928
1048
23
1074
2217
462
751
445
377
2030
2126
1427
853
993
13
1695
1161
797
1906
472
1497
2440
104
127
1846
619
1688
582
1499
890
682
613
1952
2178
1850
2372
2053
2099
126
1301
709
1248
2220
940
2357
557
2366
2177
476
783
1318
1817
1094
906
621
1209
205
784
1356
27
2012
1626
317
1647
611
161
188
1472
672
543
841
681
1904
945
983
999
569
2125
2016
659
288
440
2139
604
512
1733
2296
771
729
2233
906
2421
656
2480
199
635
1600
2385
98
200
1750
131
1277
695
2418
979
394
1944
1209
405
379
1862
619
1955
2422
2222
1890
1878
1544
379
950
2481
2091
1914
257
1767
788
862
1675
477
2083
349
1582
2461
1880
2062
643
1050
2050
738
1413
1605
1726
1345
967
2106
1947
256
930
1348
1503
2101
793
1969
1111
2223
2396
781
424
295
1113
2158
860
900
421
819
511
191
1192
219
710
1587
900
546
135
957
2484
1958
721
2108
606
1350
560
324
273
2228
1241
764
441
2390
1366
174
853
540
1008
2359
1935
476
26
1365
4
2354
1463
945
1519
731
1425
953
1404
1622
1017
2451
479
310
187
2064
2470
1580
933
61
1056
64
1612
392
2055
1602
1256
655
1188
72
2018
1749
1048
1983
1180
1585
843
2240
232
2194
2229
100
506
2265
1580
2151
2212
2182
2117
1047
1585
2434
1284
157
509
1040
43
61
1107
160
80
971
905
557
2454
741
1294
1336
1637
1969
720
1158
2070
1341
1765
2462
1563
2450
2075
1553
273
1117
978
530
2014
1031
1169
1159
534
173
234
1137
286
397
2425
2196
2080
501
809
1612
724
2430
1405
984
1103
1744
581
1213
2390
297
1523
1093
2042
279
1118
2363
1202
2332
533
1024
2471
669
1157
788
2103
2343
988
59
1353
1559
428
1902
1690
1956
991
2281
821
1898
1574
992
1454
1478
1350
2183
2008
1085
869
223
2200
495
207
743
1870
650
1371
1268
1811
164
11
